0.120010 112
15.538316 1
0.177379 1
0.221775 174
0.000498 112
4.046964 1
0.282079 1
0.188759 1
0.079892 1
0.371736 1
2.047802 1
0.330360 1
0.583303 1
0.279803 1
1.476401 1
0.373545 1
0.748805 1
0.162903 1
0.269992 1
0.106479 1
0.259898 1
0.272549 1
0.205708 1
0.129919 1
1.220210 1
0.800535 1
0.414196 1
0.385014 1
0.221669 1
0.518906 2
0.073425 112
1.886677 1
0.219559 1
0.680750 1
0.810811 1
0.208866 6
1.551932 141
2.318029 9
1.059498 1
1.000481 1
0.550476 1
0.300401 1
0.199358 1
0.159779 1
0.381230 1
0.409801 4
0.179113 4
0.150161 4
0.191271 4
0.808174 1
0.114919 1
0.435197 1
0.301623 1
0.909077 1
1.450649 121
4.008711 1
0.959710 4
2.809743 1
1.169992 1
0.330212 1
0.139123 1
1.982266 1
0.269630 1
0.296349 1
2.203743 1
0.221582 5
2.027815 2
0.105312 393
0.000023 347
0.000416 31
0.000289 38
0.000575 6
1.783588 1
0.621076 2
0.000125 53
0.000049 6
6.228238 6
0.008036 112
1.512757 11
0.661815 28
0.867835 11
1.201658 33
1.059836 1
0.499493 1
0.030957 1
0.031218 1
0.030443 1
0.030978 1
0.030061 1
0.032446 1
0.030360 1
0.032204 1
0.034459 1
0.030758 1
0.030298 1
0.031971 1
0.029879 1
0.031188 1
0.031190 1
0.030574 1
0.031261 1
0.030337 1
0.030030 1
1.108569 9
0.419734 5
0.421338 157
1.580271 5
0.082326 112
1.476360 29
1.420081 315
1.049554 2
0.110064 35
0.005966 2
0.000034 49
0.000008 2
0.000012 77
0.000006 2
0.000010 66
0.000010 2
0.000010 74
0.000006 2
0.000008 32
0.000010 2
0.000013 46
0.000007 2
0.000017 52
0.000010 2
0.000009 43
0.000006 2
0.000011 40
0.000009 2
0.000014 64
0.000007 2
0.000009 49
0.000006 2
0.000011 22
0.000010 2
0.000017 63
0.000007 2
0.000322 31
0.000287 5
0.000015 2
0.000491 6
1.892333 1
0.270292 427
2.759923 1
0.180957 1
0.649820 1
0.799806 1
0.309108 230
4.082306 1
0.206980 1
0.232804 1
0.148625 1
1.931114 1
1.358102 1
0.240342 1
0.109618 1
0.211847 1
0.219321 1
0.760390 1
0.681151 71
0.002842 9
0.000128 111
0.000017 2
0.000012 2
0.202673 7
0.000208 44
0.000016 2
0.000120 6
5.061319 1
0.260356 1
0.199435 1
0.441232 1
0.161626 2
0.010117 112
1.838005 11
1.142228 38
1.689024 315
0.758124 1
0.500126 1
0.030371 1
0.029663 1
0.030563 1
0.689657 1
0.910234 1
0.420152 1
1.219565 17
0.460133 17
0.839989 17
1.080133 2
0.103883 37
0.000085 103
0.000115 577
0.000076 71
0.000121 692
0.000110 829
0.000065 33
0.000145 5
0.000150 372
1.394873 257
3.730007 318
0.000360 31
0.000348 24
0.000338 441
0.000161 15
0.000196 11
2.479482 1
0.278854 1
1.550323 1
1.191571 1
1.328400 97
9.241031 1
1.090407 3
1.221280 1
0.237482 1
0.249590 1
0.170561 1
0.870542 1
0.450216 1
0.229019 1
0.660742 1
0.288913 1
0.150125 1
0.711919 1
0.627133 96
0.006267 9
0.000082 132
0.000044 13
0.016364 7
0.000240 10
0.000045 12
0.000064 42
0.000214 5
0.000144 7
0.000042 10
0.000032 12
0.000044 2
0.001073 5
0.000340 7
0.000051 10
0.000032 12
0.000048 2
0.000102 5
0.153364 7
0.000052 10
0.000045 12
0.000036 2
0.000095 5
0.000122 7
0.000035 10
0.000026 12
0.000036 2
0.000932 5
0.000182 9
0.000035 12
0.000139 55
0.000042 54
0.000026 6
0.000030 13
0.003030 77
0.000124 6
2.327195 1
0.159641 1
0.552557 1
0.249884 1
0.270270 1
0.268754 1
0.430922 1
0.659350 1
1.799861 1
0.449783 61
2.288709 9
1.253175 39
2.947174 39
3.061576 1
0.899203 6
1.939754 3
0.979916 97
11.259657 1
0.281379 1
0.159070 1
0.149560 1
0.330777 1
0.180169 1
0.301178 1
0.378933 1
1.388674 1
0.259921 1
0.221282 1
0.130248 1
0.799712 1
0.229250 1
0.580477 65
3.978885 1
0.181646 589
1.539088 1
0.469360 14
0.001269 34
0.000198 547
0.000151 13
0.000052 24
0.000082 6
5.370662 1
2.058595 14
0.001406 142
0.000047 5
0.000135 13
0.000022 3
0.000036 113
0.000061 6
2.667584 1
0.218713 1
0.231166 1
0.260185 1
0.260315 1
0.139621 1
0.219916 14
0.000233 10
0.000065 20
4.610419 1
3.459274 14
0.000101 26
0.000187 7
0.000647 769
0.000076 5
0.000056 6
6.269464 1
0.309420 1
0.220819 1
0.131430 1
0.337992 14
0.000110 23
0.012946 112
1.486749 1
1.600274 14
0.782407 2
0.154110 37
0.003889 103
0.000121 547
0.000022 30
0.000039 18
0.000018 30
0.000014 3
0.000017 7
0.000013 7
0.000024 6
0.000115 679
0.000023 7
0.000019 6
0.000268 829
0.000034 30
0.000037 3
0.000074 5
0.000246 372
1.548942 257
6.460589 840
2.208718 1
0.180343 1
0.390399 1
0.631548 1
0.168305 97
2.039499 1
0.221355 1
0.268365 1
0.090183 1
0.561134 1
0.330174 1
1.649136 1
0.740445 3
0.319427 1
0.119722 1
0.279966 1
0.308756 1
0.843682 1
0.409430 96
0.005494 9
0.000116 132
0.000051 13
0.012652 7
0.000109 10
0.000046 12
0.000095 42
0.000168 5
0.000095 7
0.000045 10
0.000038 12
0.000046 2
0.000843 5
0.000262 7
0.000052 10
0.000040 12
0.000046 2
0.000093 5
0.160534 7
0.000084 10
0.000034 12
0.000041 2
0.000085 5
0.000068 7
0.000063 10
0.000031 12
0.000036 2
0.000514 5
0.000488 9
0.000050 12
0.000119 55
0.000045 54
0.000034 6
0.000032 13
0.002086 77
0.000136 6
2.433766 1
0.269435 1
0.261956 1
0.129091 1
1.289957 1
0.969440 1
0.341417 1
0.158444 1
0.231969 1
0.139554 1
0.928745 1
0.219574 1
0.250003 1
0.690528 1
0.260620 1
1.128930 1
0.309728 1
0.251593 1
0.069347 1
0.219660 1
0.080242 1
0.240565 1
0.130704 1
0.250302 1
0.271297 1
0.217434 1
0.270135 20
3.249230 1
0.160090 1
0.138358 1
0.131334 1
0.219709 1
0.151292 1
0.240599 1
0.390016 1
0.798869 1
0.279491 1
0.219791 1
0.139959 1
0.451491 1
0.250119 1
3.938547 65
2.242492 1
0.258260 14
0.000896 575
1.109160 1
0.319007 14
0.002769 34
0.000133 506
0.000081 41
0.000231 13
0.000074 24
0.000063 6
1.067288 1
0.569161 14
0.002899 1300
0.000163 92
0.000133 13
0.000117 24
0.000051 6
1.487316 1
0.341347 1
1.319236 1
0.168725 1
0.333760 1
0.151293 1
0.214998 40
1.256954 1
0.143359 665
2.560336 1
0.990759 268
1.319521 1
0.248350 1
0.150356 1
0.139829 1
0.232371 1
0.128441 1
0.249308 1
0.182320 1
1.977630 1
0.279757 1
0.170030 1
0.670669 51
2.271319 1
0.550303 219
0.000041 16
0.000086 21
0.000126 17
0.000091 14
0.000128 6
0.997665 1
0.412022 358
2.423117 1
0.295077 14
0.001611 1
0.000316 33
0.000014 116
0.000054 24
0.000217 13
0.000031 3
0.000030 21
0.000085 16
0.000042 115
0.000107 6
1.224626 1
0.252581 115
0.001767 33
0.000037 141
0.000034 5
0.000217 13
0.000031 3
0.000055 115
0.000097 16
0.000027 14
0.000087 6
0.938094 1
0.309286 14
0.001325 1
0.000258 33
0.000009 116
0.000042 24
0.000143 13
0.000051 3
0.000050 21
0.000074 16
0.000028 115
0.000059 6
1.017884 1
0.240978 115
0.001641 345
0.821000 1
0.267127 14
0.001855 345
0.927375 1
0.243054 113
0.000358 33
0.000067 119
0.000040 10
0.000034 12
0.000038 5
0.000232 13
0.000045 3
0.000038 113
0.000095 16
0.000031 14
0.000070 6
0.955955 1
0.233208 362
0.796962 1
0.232879 461
0.906945 1
0.212944 362
0.978254 1
0.242149 913
0.996861 1
0.243450 554
6.936768 1
0.921899 541
2.588094 1
0.961537 998
3.388548 1
0.299596 1
0.200166 1
0.100069 1
0.365318 37
0.008894 112
4.096377 6
